6080759040
6050648075
6050647035
6040742946
6040742801
6040742680
6050647001
6040404106
6040742843
6040742849
6040742923
6040742921
6040703503
2010113011
6040404397
2010112955
6050649065
2010112923
1050393514
1040406890
6040742870
1050393508
1040328254
1040328267
6040404109
1050393566
6040742982
1040406860
1050393740
1050393654
1040406718
6040742979
1040406746
6040742751
1050393645
1040328334
1040406700
1040406520
1040406802
1050315868
1040328007
6040703531
1040327991
1040327936
1040406857
1041691774
1041691772
6040662424
6040662425
6040743359
1040711655
1041526474
1040326022
1041528445
1040402732
1040403273
1040402855
1040402889
1040420957
1040711702
1040140041
2020212382
2020212401
1040711637
1040406603
6040404429
6040703553
1051612176
6050648244
1051612172
6050647724
1051612688
1051612181
6050648525
1050393699
1051612700
6040662443
1050393717
6041497171
1040140076
1040140084
6041497174
6040662434
1031310252
1031310356
1031300106
1031300215
1031300258
1031300296
1031300313
1031300332
1031300363
1031300379
1031300399
1031310241
1031310295
1031310364
1031400068
1031610037
1032000020
1032600247
1032600232
1032600245
1031750025
1032600164
1030021923
1030021750
1030021707
2030210621
